function colors = getStateColor( )
%set of colors for each state in the HMM fit

%     colors = [ 255 20 147    ; ... pink
%                50 205 50     ; ... light green
%                153 50 204    ; ... dark orchid
%                255 69 0      ; ... orange red
%                255 215 0     ;  ... gold
%                189 183 107   ;  ... dark khaki
%                50 50 100     ; ... random
%                100 100 50    ; ... random
%               ]/255;
% 
    colors = [ 255 100 177    ; ... pink
               20 150 30     ; ... light green
               153 50 204    ; ... dark orchid
               255 69 0      ; ... orange red
               255 215 0     ;  ... gold
               189 183 107   ;  ... dark khaki
               50 50 100     ; ... random
               100 100 50    ; ... random
              ]/255;

end

